0
0
0
0
0
0
0
0
0
0
0
0
0
0
0
0
0
0
0
0
0
0
0
0
0
0
0
0
0
0
0
0
0
0
0
0
0
0
0
0
0
0
0
0
0
30
500
0
60
0
120
50
0
380
30
105
0
135
35
25
365
60
0
0
0
0
0
0
0
0
0
0
0
0
0
0
0
0
0
0
0
0
0
0
0
0
0
0
0
0
0
0
0
0
0
0
0
30
45
95
75
45
45
35
15
40
10
80
20
88
15
35
75
0
0
0
0
0
0
0
50
0
10
50
120
40
70
120
25
50
80
0
55
0
375
0
60
0
45
0
0
45
0
0
13
0
0
35
0
75
0
40
0
30
0
30
0
0
35
0
10
0
0
0
60
0
50
0
105
0
90
0
272
0
0
0
0
0
0
0
0
0
0
0
0
0
0
0
0
0
30
0
30
25
25
380
30
75
15
5
105
45
50
15
0
8
16
0
0
0
0
0
0
0
0
0
39
0
20
20
30
20
50
20
33
15
18
20
25
30
45
136
560
55
0
0
0
65
0
100
0
70
0
30
0
0
25
0
0
40
0
25
0
50
0
50
0
2
75
0
60
0
15
0
60
0
75
0
600
0
590
0
900
0
0
0
0
0
0
0
0
0
0
0
0
0
0
0
0
0
0
0
38
560
0
35
51
50
150
600
90
100
25
15
40
30
0
60
90
130
0
60
330
60
25
120
50
40
7
45
565
0
22
90
110
0
125
0
165
65
0
100
0
0
0
90
0
180
0
0
0
450
0
80
0
120
0
0
50
0
80
385
0
60
0
50
0
55
0
0
95
80
0
0
0
0
0
0
0
0
0
0
0
0
0
0
0
0
0
360
20
45
50
195
80
60
40
70
100
110
90
50
55
0
15
0
30
0
0
0
0
0
0
47
70
30
40
155
555
30
315
30
26
50
30
30
0
15
0
490
0
0
55
0
90
0
40
0
60
0
0
250
0
120
0
55
0
30
0
151
0
0
430
0
45
0
45
0
550
0
60
0
0
0
0
0
0
0
0
0
0
0
0
0
0
0
0
0
0
5
10
190
5
5
5
10
5
30
5
15
5
10
5
0
0
0
0
0
0
8
10
275
5
30
4
6
35
18
30
10
